Time Value
20230109105211 1.79465 
20230109105221 1.79454 
20230109105231 1.79430 
20230109105241 1.79422 
20230109105251 1.79439 
20230109105301 1.79430 
20230109105311 1.79429 
20230109105321 1.79418 
20230109105331 1.79396 
20230109105341 1.79388 
20230109105351 1.79362 
20230109105401 1.79347 
20230109105411 1.79337 
20230109105421 1.79325 
20230109105431 1.79313 
20230109105441 1.79317 
20230109105451 1.79338 
20230109105501 1.79336 
20230109105511 1.79318 
20230109105521 1.79297 
20230109105531 1.79276 
20230109105541 1.79266 
20230109105551 1.79285 
20230109105601 1.79285 
20230109105611 1.79281 
20230109105621 1.79274 
20230109105631 1.79253 
20230109105641 1.79265 
20230109105651 1.79297 
20230109105701 1.79276 
20230109105711 1.79289 
20230109105721 1.79291 
20230109105731 1.79299 
20230109105741 1.79297 
20230109105751 1.79294 
20230109105801 1.79282 
20230109105811 1.79298 
20230109105821 1.79303 
20230109105831 1.79305 
20230109105841 1.79301 
20230109105851 1.79301 
20230109105901 1.79311 
20230109105911 1.79323 
20230109105921 1.79305 
20230109105931 1.79303 
20230109105941 1.79284 
20230109105951 1.79279 
20230109110001 1.79286 
20230109110011 1.79274 
20230109110021 1.79282 
20230109110031 1.79291 
20230109110041 1.79288 
20230109110051 1.79272 
20230109110101 1.79278 
20230109110111 1.79289 
20230109110121 1.79291 
20230109110131 1.79299 
20230109110141 1.79285 
20230109110151 1.79279 
20230109110201 1.79279 
20230109110211 1.79281 
20230109110221 1.79277 
20230109110231 1.79240 
20230109110241 1.79241 
20230109110251 1.79232 
20230109110301 1.79235 
20230109110311 1.79170 
20230109110321 1.79176 
20230109110331 1.79187 
20230109110341 1.79192 
20230109110351 1.79191 
20230109110401 1.79206 
20230109110411 1.79215 
20230109110421 1.79231 
20230109110431 1.79245 
20230109110441 1.79225 
20230109110451 1.79211 
20230109110501 1.79194 
20230109110511 1.79191 
20230109110521 1.79179 
20230109110531 1.79167 
20230109110541 1.79431 
20230109110551 1.81298 
20230109110601 1.81991 
20230109110611 1.83146 
20230109110621 1.84103 
20230109110631 1.84470 
20230109110641 1.84321 
20230109110651 1.84275 
20230109110701 1.84413 
20230109110711 1.84673 
20230109110721 1.84882 
20230109110731 1.85112 
20230109110741 1.85437 
20230109110751 1.85990 
20230109110801 1.86218 
20230109110811 1.86155 
20230109110821 1.86235 
20230109110831 1.86421 
20230109110841 1.86489 
20230109110851 1.86595 
20230109110901 1.86727 
20230109110911 1.86852 
20230109110921 1.86863 
20230109110931 1.86945 
20230109110941 1.87062 
20230109110951 1.87136 
20230109111001 1.87273 
20230109111011 1.87395 
20230109111021 1.87520 
20230109111031 1.87612 
20230109111041 1.87746 
20230109111051 1.87778 
20230109111101 1.87892 
20230109111111 1.87995 
20230109111121 1.88087 
20230109111131 1.88197 
20230109111141 1.88284 
20230109111151 1.88358 
20230109111201 1.88397 
20230109111211 1.88425 
20230109111221 1.88487 
20230109111231 1.88529 
20230109111241 1.88630 
20230109111251 1.88686 
20230109111301 1.88802 
20230109111311 1.88843 
20230109111321 1.88903 
20230109111331 1.88986 
20230109111341 1.88980 
20230109111351 1.89064 
20230109111401 1.89131 
20230109111411 1.89244 
20230109111421 1.89313 
20230109111431 1.89470 
20230109111441 1.89540 
20230109111451 1.89633 
20230109111501 1.89702 
20230109111511 1.89798 
20230109111521 1.89944 
20230109111531 1.90106 
20230109111541 1.90157 
20230109111551 1.90251 
20230109111601 1.90418 
20230109111611 1.90530 
20230109111621 1.90637 
20230109111631 1.90716 
20230109111641 1.90815 
20230109111651 1.90999 
20230109111701 1.91039 
20230109111711 1.91081 
20230109111721 1.91127 
20230109111731 1.91209 
20230109111741 1.91315 
20230109111751 1.91424 
20230109111801 1.91589 
20230109111811 1.91705 
20230109111821 1.91792 
20230109111831 1.91871 
20230109111841 1.91943 
20230109111851 1.92024 
20230109111901 1.92175 
20230109111911 1.92328 
20230109111921 1.92430 
20230109111931 1.92608 
20230109111941 1.92781 
20230109111951 1.92914 
20230109112001 1.93100 
20230109112011 1.93270 
20230109112021 1.93419 
20230109112031 1.93585 
20230109112041 1.93678 
20230109112051 1.93905 
20230109112101 1.94049 
20230109112111 1.94203 
20230109112121 1.94341 
20230109112131 1.94455 
20230109112141 1.94540 
20230109112151 1.94674 
20230109112201 1.94818 
20230109112211 1.94908 
20230109112221 1.95061 
20230109112231 1.95196 
20230109112241 1.95257 
20230109112251 1.95338 
20230109112301 1.95406 
20230109112311 1.95546 
20230109112321 1.95706 
20230109112331 1.95899 
20230109112341 1.96109 
20230109112351 1.96249 
20230109112401 1.96441 
20230109112411 1.96652 
20230109112421 1.96777 
20230109112431 1.96906 
20230109112441 1.96955 
20230109112451 1.97000 
20230109112501 1.97008 
20230109112511 1.97045 
20230109112521 1.97004 
20230109112531 1.97118 
20230109112541 1.97065 
20230109112551 1.96900 
20230109112601 1.96791 
20230109112611 1.96664 
20230109112621 1.96432 
20230109112631 1.96327 
20230109112641 1.96183 
20230109112651 1.95965 
20230109112701 1.95770 
20230109112711 1.95566 
20230109112721 1.95331 
20230109112731 1.95085 
20230109112741 1.94811 
20230109112751 1.94497 
20230109112801 1.94135 
20230109112811 1.93656 
20230109112821 1.93173 
20230109112831 1.92454 
20230109112841 1.91823 
20230109112851 1.91125 
20230109112901 1.90521 
20230109112911 1.89824 
20230109112921 1.89365 
20230109112931 1.88840 
20230109112941 1.88221 
20230109112951 1.87691 
20230109113001 1.87209 
20230109113011 1.86586 
20230109113021 1.85986 
20230109113031 1.85478 
20230109113041 1.84899 
20230109113051 1.84317 
20230109113101 1.83754 
20230109113111 1.83327 
20230109113121 1.82839 
20230109113131 1.82423 
20230109113141 1.81955 
20230109113151 1.81584 
20230109113201 1.81217 
20230109113211 1.80932 
20230109113221 1.80659 
20230109113231 1.80387 
20230109113241 1.80145 
20230109113251 1.79918 
20230109113301 1.79732 
20230109113311 1.79529 
20230109113321 1.79392 
20230109113331 1.79312 
20230109113341 1.79219 
20230109113351 1.79150 
20230109113401 1.79089 
20230109113411 1.79079 
20230109113421 1.79053 
20230109113431 1.78995 
20230109113441 1.78930 
20230109113451 1.78849 
20230109113501 1.78783 
20230109113511 1.78743 
20230109113521 1.78688 
20230109113531 1.78621 
20230109113541 1.78559 
20230109113551 1.78541 
20230109113601 1.78502 
20230109113611 1.78451 
20230109113621 1.78396 
20230109113631 1.78353 
20230109113641 1.78331 
20230109113651 1.78288 
20230109113701 1.78269 
20230109113711 1.78221 
20230109113721 1.78195 
20230109113731 1.78157 
20230109113741 1.78148 
20230109113751 1.78129 
20230109113801 1.78118 
20230109113811 1.78074 
20230109113821 1.78068 
20230109113831 1.78044 
20230109113841 1.78014 
20230109113851 1.78015 
20230109113901 1.77997 
20230109113911 1.77939 
20230109113921 1.77923 
20230109113931 1.77873 
20230109113941 1.77875 
20230109113951 1.77869 
20230109114001 1.77860 
20230109114011 1.77849 
20230109114021 1.77847 
20230109114031 1.77792 
20230109114041 1.77803 
20230109114051 1.77776 
20230109114101 1.77722 
20230109114111 1.77720 
20230109114121 1.77694 
20230109114131 1.77706 
20230109114141 1.77739 
20230109114151 1.77747 
20230109114201 1.77755 
20230109114211 1.77800 
20230109114221 1.77848 
20230109114231 1.77848 
20230109114241 1.77844 
20230109114251 1.77856 
20230109114301 1.77884 
20230109114311 1.77922 
20230109114321 1.77963 
20230109114331 1.77980 
20230109114341 1.78021 
20230109114351 1.78065 
20230109114401 1.78071 
20230109114411 1.78065 
20230109114421 1.78102 
20230109114431 1.78115 
20230109114441 1.78089 
20230109114451 1.78085 
20230109114501 1.78121 
20230109114511 1.78142 
20230109114521 1.78155 
20230109114531 1.78151 
20230109114541 1.78126 
20230109114551 1.78129 
20230109114601 1.78154 
20230109114611 1.78165 
20230109114621 1.78202 
20230109114631 1.78207 
20230109114641 1.78211 
20230109114651 1.78245 
20230109114701 1.78256 
20230109114711 1.78272 
20230109114721 1.78284 
20230109114731 1.78273 
20230109114741 1.78293 
20230109114751 1.78330 
20230109114801 1.78316 
20230109114811 1.78335 
20230109114821 1.78344 
20230109114831 1.78323 
20230109114841 1.78295 
20230109114851 1.78324 
20230109114901 1.78311 
20230109114911 1.78328 
20230109114921 1.78314 
20230109114931 1.78315 
20230109114941 1.78325 
20230109114951 1.78315 
20230109115001 1.78322 
20230109115011 1.78308 
20230109115021 1.78303 
20230109115031 1.78315 
20230109115041 1.78319 
20230109115051 1.78307 
20230109115101 1.78300 
20230109115111 1.78295 
20230109115121 1.78304 
20230109115131 1.78330 
20230109115141 1.78358 
20230109115151 1.78383 
20230109115201 1.78351 
20230109115211 1.78348 
20230109115221 1.78355 
20230109115231 1.78361 
20230109115241 1.78350 
20230109115251 1.78339 
20230109115301 1.78328 
20230109115311 1.78340 
20230109115321 1.78305 
20230109115331 1.78298 
20230109115341 1.78301 
20230109115351 1.78271 
20230109115401 1.78217 
20230109115411 1.78179 
20230109115421 1.78179 
20230109115431 1.78173 
20230109115441 1.78190 
20230109115451 1.78238 
20230109115501 1.78262 
20230109115511 1.78244 
20230109115521 1.78277 
20230109115531 1.78294 
20230109115541 1.78317 
20230109115551 1.78347 
20230109115601 1.78355 
20230109115611 1.78396 
20230109115621 1.78447 
20230109115631 1.78459 
20230109115641 1.78486 
20230109115651 1.78511 
20230109115701 1.78505 
20230109115711 1.78543 
20230109115721 1.78554 
20230109115731 1.78548 
20230109115741 1.78571 
20230109115751 1.78545 
20230109115801 1.78566 
20230109115811 1.78616 
20230109115821 1.78622 
20230109115831 1.78638 
20230109115841 1.78663 
20230109115851 1.78686 
20230109115901 1.78688 
20230109115911 1.78683 
20230109115921 1.78652 
20230109115931 1.78656 
20230109115941 1.78655 
20230109115951 1.78660 
20230109120001 1.78638 
20230109120011 1.78653 
20230109120021 1.78610 
20230109120031 1.78640 
20230109120041 1.78658 
20230109120051 1.78655 
20230109120101 1.78620 
20230109120111 1.78613 
20230109120121 1.78623 
20230109120131 1.78649 
20230109120141 1.78667 
20230109120151 1.78667 
20230109120201 1.78677 
20230109120211 1.78708 
20230109120221 1.78724 
20230109120231 1.78727 
20230109120241 1.78725 
20230109120251 1.78721 
20230109120301 1.78716 
20230109120311 1.78713 
20230109120321 1.78731 
20230109120331 1.78725 
20230109120341 1.78724 
20230109120351 1.78714 
20230109120401 1.78707 
20230109120411 1.78697 
20230109120421 1.78657 
20230109120431 1.78617 
20230109120441 1.78620 
20230109120451 1.78578 
20230109120501 1.78549 
20230109120511 1.78543 
20230109120521 1.78541 
20230109120531 1.78544 
20230109120541 1.78558 
20230109120551 1.78576 
20230109120601 1.78579 
20230109120611 1.78564 
20230109120621 1.78566 
20230109120631 1.78555 
20230109120641 1.78554 
20230109120651 1.78569 
20230109120701 1.78546 
20230109120711 1.78522 
20230109120721 1.78531 
20230109120731 1.78526 
20230109120741 1.78531 
20230109120751 1.78510 
20230109120801 1.78501 
20230109120811 1.78504 
20230109120821 1.78497 
20230109120831 1.78472 
20230109120841 1.78449 
20230109120851 1.78446 
20230109120901 1.78443 
20230109120911 1.78439 
20230109120921 1.78402 
20230109120931 1.78377 
20230109120941 1.78386 
20230109120951 1.78363 
20230109121001 1.78376 
20230109121011 1.78371 
20230109121021 1.78358 
20230109121031 1.78351 
20230109121041 1.78376 
20230109121051 1.78361 
20230109121101 1.78350 
20230109121111 1.78354 
20230109121121 1.78373 
20230109121131 1.78358 
20230109121141 1.78364 
20230109121151 1.78332 
20230109121201 1.78321 
20230109121211 1.78323 
20230109121221 1.78313 
20230109121231 1.78312 
20230109121241 1.78309 
20230109121251 1.78306 
20230109121301 1.78308 
20230109121311 1.78282 
20230109121321 1.78235 
20230109121331 1.78209 
20230109121341 1.78189 
20230109121351 1.78206 
20230109121401 1.78202 
20230109121411 1.78197 
20230109121421 1.78202 
20230109121431 1.78195 
20230109121441 1.78200 
20230109121451 1.78226 
20230109121501 1.78186 
20230109121511 1.78186 
20230109121521 1.78189 
20230109121531 1.78174 
20230109121541 1.78179 
20230109121551 1.78191 
20230109121601 1.78182 
20230109121611 1.78228 
20230109121621 1.78195 
20230109121631 1.78190 
20230109121641 1.78199 
20230109121651 1.78197 
20230109121701 1.78205 
20230109121711 1.78183 
20230109121721 1.78187 
20230109121731 1.78161 
20230109121741 1.78165 
20230109121751 1.78163 
20230109121801 1.78132 
20230109121811 1.78154 
20230109121821 1.78188 
20230109121831 1.78171 
20230109121841 1.78180 
20230109121851 1.78182 
20230109121901 1.78193 
20230109121911 1.78207 
20230109121921 1.78199 
20230109121931 1.78224 
20230109121941 1.78212 
20230109121951 1.78219 
20230109122001 1.78250 
20230109122011 1.78260 
20230109122021 1.78263 
20230109122031 1.78341 
20230109122041 1.78348 
20230109122051 1.78382 
20230109122101 1.78392 
20230109122111 1.78401 
20230109122121 1.78417 
20230109122131 1.78461 
20230109122141 1.78528 
20230109122151 1.78545 
20230109122201 1.78564 
20230109122211 1.78622 
20230109122221 1.78643 
20230109122231 1.78702 
20230109122241 1.78768 
20230109122251 1.78812 
20230109122301 1.78865 
20230109122311 1.78927 
20230109122321 1.78942 
20230109122331 1.78963 
20230109122341 1.79032 
20230109122351 1.79105 
20230109122401 1.79143 
20230109122411 1.79172 
20230109122421 1.79183 
20230109122431 1.79235 
20230109122441 1.79288 
20230109122451 1.79307 
20230109122501 1.79347 
20230109122511 1.79418 
20230109122521 1.79435 
20230109122531 1.79497 
20230109122541 1.79548 
20230109122551 1.79569 
20230109122601 1.79586 
20230109122611 1.79617 
20230109122621 1.79640 
20230109122631 1.79631 
20230109122641 1.79643 
20230109122651 1.79628 
20230109122701 1.79651 
20230109122711 1.79687 
20230109122721 1.79690 
20230109122731 1.79709 
20230109122741 1.79732 
20230109122751 1.79722 
20230109122801 1.79746 
20230109122811 1.79797 
20230109122821 1.79772 
20230109122831 1.79779 
20230109122841 1.79789 
20230109122851 1.79770 
20230109122901 1.79737 
20230109122911 1.79724 
20230109122921 1.79756 
20230109122931 1.79786 
20230109122941 1.79770 
20230109122951 1.79780 
20230109123001 1.79797 
20230109123011 1.79805 
20230109123021 1.79790 
20230109123031 1.79825 
20230109123041 1.79823 
20230109123051 1.79800 
20230109123101 1.79849 
20230109123111 1.79859 
20230109123121 1.79867 
20230109123131 1.79882 
20230109123141 1.79881 
20230109123151 1.79903 
20230109123201 1.79937 
20230109123211 1.79891 
20230109123221 1.79924 
20230109123231 1.79943 
20230109123241 1.79937 
20230109123251 1.79903 
20230109123301 1.79944 
20230109123311 1.79954 
20230109123321 1.79932 
20230109123331 1.79938 
20230109123341 1.79941 
20230109123351 1.79946 
20230109123401 1.79966 
20230109123411 1.79959 
20230109123421 1.79966 
20230109123431 1.79996 
20230109123441 1.80010 
20230109123451 1.79998 
20230109123501 1.80002 
20230109123511 1.80048 
20230109123521 1.80079 
20230109123531 1.80103 
20230109123541 1.80135 
20230109123551 1.80167 
20230109123601 1.80209 
20230109123611 1.80238 
20230109123621 1.80265 
20230109123631 1.80280 
20230109123641 1.80306 
20230109123651 1.80349 
20230109123701 1.80353 
20230109123711 1.80390 
20230109123721 1.80389 
20230109123731 1.80391 
20230109123741 1.80421 
20230109123751 1.80429 
20230109123801 1.80445 
20230109123811 1.80470 
20230109123821 1.80504 
20230109123831 1.80510 
20230109123841 1.80526 
20230109123851 1.80558 
20230109123901 1.80603 
20230109123911 1.80619 
20230109123921 1.80641 
20230109123931 1.80674 
20230109123941 1.80711 
20230109123951 1.80771 
20230109124001 1.80765 
20230109124011 1.80781 
20230109124021 1.80800 
20230109124031 1.80821 
20230109124041 1.80880 
20230109124051 1.80892 
20230109124101 1.80916 
20230109124111 1.80949 
20230109124121 1.80962 
20230109124131 1.80993 
20230109124141 1.81017 
20230109124151 1.81075 
20230109124201 1.81107 
20230109124211 1.81112 
20230109124221 1.81124 
20230109124231 1.81143 
20230109124241 1.81169 
20230109124251 1.81188 
20230109124301 1.81225 
20230109124311 1.81260 
20230109124321 1.81288 
20230109124331 1.81345 
20230109124341 1.81334 
20230109124351 1.81340 
20230109124401 1.81367 
20230109124411 1.81401 
20230109124421 1.81451 
20230109124431 1.81499 
20230109124441 1.81536 
20230109124451 1.81611 
20230109124501 1.81630 
20230109124511 1.81641 
20230109124521 1.81680 
20230109124531 1.81693 
20230109124541 1.81705 
20230109124551 1.81743 
20230109124601 1.81759 
20230109124611 1.81794 
20230109124621 1.81802 
20230109124631 1.81825 
20230109124641 1.81823 
20230109124651 1.81813 
20230109124701 1.81817 
20230109124711 1.81828 
20230109124721 1.81818 
20230109124731 1.81848 
20230109124741 1.81827 
20230109124751 1.81816 
20230109124801 1.81796 
20230109124811 1.81775 
20230109124821 1.81768 
20230109124831 1.81750 
20230109124841 1.81734 
20230109124851 1.81738 
20230109124901 1.81742 
20230109124911 1.81754 
20230109124921 1.81755 
20230109124931 1.81730 
20230109124941 1.81732 
20230109124951 1.81745 
20230109125001 1.81733 
20230109125011 1.81750 
20230109125021 1.81747 
20230109125031 1.81741 
20230109125041 1.81720 
20230109125051 1.81722 
20230109125101 1.81704 
20230109125111 1.81716 
20230109125121 1.81679 
20230109125131 1.81658 
20230109125141 1.81662 
20230109125151 1.81664 
20230109125201 1.81649 
20230109125211 1.81672 
20230109125221 1.81685 
20230109125231 1.81687 
20230109125241 1.81652 
20230109125251 1.81634 
20230109125301 1.81665 
20230109125311 1.81638 
20230109125321 1.81646 
20230109125331 1.81663 
20230109125341 1.81674 
20230109125351 1.81670 
20230109125401 1.81688 
20230109125411 1.81670 
20230109125421 1.81640 
20230109125431 1.81649 
20230109125441 1.81631 
20230109125451 1.81651 
20230109125501 1.81665 
20230109125511 1.81721 
20230109125521 1.81732 
20230109125531 1.81730 
20230109125541 1.81763 
20230109125551 1.81783 
20230109125601 1.81825 
20230109125611 1.81834 
20230109125621 1.81873 
20230109125631 1.81911 
20230109125641 1.81934 
20230109125651 1.81994 
20230109125701 1.81994 
20230109125711 1.82025 
20230109125721 1.82011 
20230109125731 1.81992 
20230109125741 1.81988 
20230109125751 1.82009 
20230109125801 1.81986 
20230109125811 1.81971 
20230109125821 1.81982 
20230109125831 1.81985 
20230109125841 1.81992 
20230109125851 1.82004 
20230109125901 1.82010 
20230109125911 1.82003 
20230109125921 1.82015 
20230109125931 1.82022 
20230109125941 1.81994 
20230109125951 1.81994 
20230109130001 1.81987 
20230109130011 1.81982 
20230109130021 1.81953 
20230109130031 1.81949 
20230109130041 1.81946 
20230109130051 1.81951 
20230109130101 1.81945 
20230109130111 1.81931 
20230109130121 1.81923 
20230109130131 1.81910 
20230109130141 1.81897 
20230109130151 1.81926 
20230109130201 1.81910 
20230109130211 1.81903 
20230109130221 1.81893 
20230109130231 1.81908 
20230109130241 1.81881 
20230109130251 1.81880 
20230109130301 1.81861 
20230109130311 1.81855 
20230109130321 1.81837 
20230109130331 1.81809 
20230109130341 1.81797 
20230109130351 1.81778 
20230109130401 1.81778 
20230109130411 1.81797 
20230109130421 1.81741 
20230109130431 1.81751 
20230109130441 1.81731 
20230109130451 1.81746 
20230109130501 1.81769 
20230109130511 1.81781 
20230109130521 1.81777 
20230109130531 1.81796 
20230109130541 1.81827 
20230109130551 1.81841 
20230109130601 1.81854 
20230109130611 1.81840 
20230109130621 1.81904 
20230109130631 1.81936 
20230109130641 1.81937 
20230109130651 1.81997 
20230109130701 1.82019 
20230109130711 1.82071 
20230109130721 1.82121 
20230109130731 1.82144 
20230109130741 1.82175 
20230109130751 1.82200 
20230109130801 1.82204 
20230109130811 1.82239 
20230109130821 1.82253 
20230109130831 1.82266 
20230109130841 1.82285 
20230109130851 1.82312 
20230109130901 1.82322 
20230109130911 1.82353 
20230109130921 1.82394 
20230109130931 1.82413 
20230109130941 1.82449 
20230109130951 1.82493 
20230109131001 1.82553 
20230109131011 1.82616 
20230109131021 1.82662 
20230109131031 1.82710 
20230109131041 1.82742 
20230109131051 1.82792 
20230109131101 1.82835 
20230109131111 1.82918 
20230109131121 1.83018 
20230109131131 1.83060 
20230109131141 1.83131 
20230109131151 1.83213 
20230109131201 1.83293 
20230109131211 1.83357 
20230109131221 1.83441 
20230109131231 1.83534 
20230109131241 1.83635 
20230109131251 1.83737 
20230109131301 1.83809 
20230109131311 1.83887 
20230109131321 1.83979 
20230109131331 1.84089 
20230109131341 1.84136 
20230109131351 1.84209 
20230109131401 1.84267 
20230109131411 1.84370 
20230109131421 1.84468 
20230109131431 1.84539 
20230109131441 1.84578 
20230109131451 1.84692 
20230109131501 1.84821 
20230109131511 1.84922 
20230109131521 1.85023 
20230109131531 1.85068 
20230109131541 1.85145 
20230109131551 1.85225 
20230109131601 1.85292 
20230109131611 1.85325 
20230109131621 1.85347 
20230109131631 1.85407 
20230109131641 1.85447 
20230109131651 1.85528 
20230109131701 1.85665 
20230109131711 1.85779 
20230109131721 1.85920 
20230109131731 1.86035 
20230109131741 1.86103 
20230109131751 1.86152 
20230109131801 1.86235 
20230109131811 1.86335 
20230109131821 1.86424 
20230109131831 1.86515 
20230109131841 1.86557 
20230109131851 1.86641 
20230109131901 1.86648 
20230109131911 1.86695 
20230109131921 1.86750 
20230109131931 1.86810 
20230109131941 1.86887 
20230109131951 1.86924 
20230109132001 1.86950 
20230109132011 1.87023 
20230109132021 1.87080 
20230109132031 1.87120 
20230109132041 1.87196 
20230109132051 1.87276 
20230109132101 1.87349 
20230109132111 1.87414 
20230109132121 1.87447 
20230109132131 1.87534 
20230109132141 1.87634 
20230109132151 1.87693 
20230109132201 1.87768 
20230109132211 1.87864 
20230109132221 1.87916 
20230109132231 1.87977 
20230109132241 1.88032 
20230109132251 1.88148 
20230109132301 1.88219 
20230109132311 1.88295 
20230109132321 1.88390 
20230109132331 1.88510 
20230109132341 1.88560 
20230109132351 1.88625 
20230109132401 1.88691 
20230109132411 1.88781 
20230109132421 1.88850 
20230109132431 1.88935 
20230109132441 1.89026 
20230109132451 1.89110 
20230109132501 1.89209 
20230109132511 1.89259 
20230109132521 1.89274 
20230109132531 1.89299 
20230109132541 1.89367 
20230109132551 1.89439 
20230109132601 1.89530 
20230109132611 1.89595 
20230109132621 1.89663 
20230109132631 1.89729 
20230109132641 1.89802 
20230109132651 1.89871 
20230109132701 1.89935 
20230109132711 1.89987 
20230109132721 1.90048 
20230109132731 1.90117 
20230109132741 1.90200 
20230109132751 1.90242 
20230109132801 1.90314 
20230109132812 1.90379 
20230109132821 1.90471 
20230109132831 1.90536 
20230109132841 1.90610 
20230109132851 1.90707 
20230109132901 1.90781 
20230109132911 1.90860 
20230109132921 1.90946 
20230109132931 1.91029 
20230109132941 1.91098 
20230109132951 1.91209 
20230109133001 1.91236 
20230109133011 1.91274 
20230109133021 1.91353 
20230109133031 1.91400 
20230109133041 1.91421 
20230109133051 1.91479 
20230109133101 1.91500 
20230109133111 1.91526 
20230109133121 1.91579 
20230109133131 1.91640 
20230109133141 1.91704 
20230109133151 1.91731 
20230109133201 1.91780 
20230109133211 1.91819 
20230109133221 1.91884 
20230109133231 1.91929 
20230109133241 1.91991 
20230109133251 1.92042 
20230109133301 1.92128 
20230109133311 1.92176 
20230109133321 1.92263 
20230109133331 1.92350 
20230109133341 1.92420 
20230109133351 1.92528 
20230109133401 1.92618 
20230109133411 1.92717 
20230109133421 1.92837 
20230109133431 1.92916 
20230109133441 1.93030 
20230109133451 1.93126 
20230109133501 1.93219 
20230109133511 1.93344 
20230109133521 1.93466 
20230109133531 1.93575 
20230109133541 1.93694 
20230109133551 1.93783 
20230109133601 1.93885 
20230109133611 1.93989 
20230109133621 1.94102 
20230109133631 1.94185 
20230109133641 1.94252 
20230109133651 1.94347 
20230109133701 1.94440 
20230109133711 1.94534 
20230109133721 1.94634 
20230109133731 1.94703 
20230109133741 1.94726 
20230109133751 1.94756 
20230109133801 1.94784 
20230109133811 1.94830 
20230109133821 1.94894 
20230109133831 1.94965 
20230109133841 1.95045 
20230109133851 1.95127 
20230109133901 1.95216 
20230109133911 1.95301 
20230109133921 1.95392 
20230109133931 1.95471 
20230109133941 1.95563 
20230109133951 1.95616 
20230109134001 1.95678 
20230109134011 1.95743 
20230109134021 1.95791 
20230109134031 1.95849 
20230109134041 1.95908 
20230109134051 1.95965 
20230109134101 1.96004 
20230109134111 1.96061 
20230109134121 1.96137 
20230109134131 1.96158 
20230109134141 1.96195 
20230109134151 1.96235 
20230109134201 1.96299 
20230109134211 1.96361 
20230109134221 1.96407 
20230109134231 1.96427 
20230109134241 1.96471 
20230109134251 1.96499 
20230109134301 1.96563 
20230109134311 1.96573 
20230109134321 1.96603 
20230109134331 1.96671 
20230109134341 1.96715 
20230109134351 1.96739 
20230109134401 1.96724 
20230109134411 1.96742 
20230109134421 1.96758 
20230109134431 1.96779 
20230109134441 1.96809 
20230109134451 1.96794 
20230109134501 1.96791 
20230109134511 1.96821 
20230109134521 1.96817 
20230109134531 1.96815 
20230109134541 1.96831 
20230109134551 1.96841 
20230109134601 1.96852 
20230109134611 1.96868 
20230109134621 1.96879 
20230109134631 1.96892 
20230109134641 1.96932 
20230109134651 1.96948 
20230109134701 1.96976 
20230109134711 1.96978 
20230109134721 1.97022 
20230109134731 1.97039 
20230109134741 1.97050 
20230109134751 1.97070 
20230109134801 1.97096 
20230109134811 1.97166 
20230109134821 1.97181 
20230109134831 1.97202 
20230109134841 1.97222 
20230109134851 1.97261 
20230109134901 1.97309 
20230109134911 1.97328 
20230109134921 1.97395 
20230109134931 1.97455 
20230109134941 1.97548 
20230109134951 1.97629 
20230109135001 1.97702 
20230109135011 1.97807 
20230109135021 1.97909 
20230109135031 1.98022 
20230109135041 1.98119 
20230109135051 1.98221 
20230109135101 1.98321 
20230109135111 1.98436 
20230109135121 1.98544 
20230109135131 1.98628 
20230109135141 1.98771 
20230109135151 1.98874 
20230109135201 1.98956 
20230109135211 1.99064 
20230109135221 1.99152 
20230109135231 1.99225 
20230109135241 1.99273 
20230109135251 1.99311 
20230109135301 1.99402 
20230109135311 1.99452 
20230109135321 1.99483 
20230109135331 1.99554 
20230109135341 1.99598 
20230109135351 1.99649 
20230109135401 1.99685 
20230109135411 1.99716 
20230109135421 1.99769 
20230109135431 1.99842 
20230109135441 1.99905 
20230109135451 1.99949 
20230109135501 2.00030 
20230109135511 2.00104 
20230109135521 2.00144 
20230109135531 2.00217 
20230109135541 2.00262 
20230109135551 2.00277 
20230109135601 2.00328 
20230109135611 2.00374 
20230109135621 2.00404 
20230109135631 2.00459 
20230109135641 2.00503 
20230109135651 2.00539 
20230109135701 2.00563 
20230109135711 2.00576 
20230109135721 2.00627 
20230109135731 2.00676 
20230109135741 2.00685 
20230109135751 2.00736 
20230109135801 2.00770 
20230109135811 2.00821 
20230109135821 2.00846 
20230109135831 2.00879 
20230109135841 2.00912 
20230109135851 2.00961 
20230109135901 2.01012 
20230109135911 2.01051 
20230109135921 2.01090 
20230109135931 2.01108 
20230109135941 2.01131 
20230109135951 2.01159 
20230109140001 2.01197 
20230109140011 2.01224 
20230109140021 2.01244 
20230109140031 2.01282 
20230109140041 2.01305 
20230109140051 2.01346 
20230109140101 2.01385 
20230109140111 2.01442 
20230109140121 2.01547 
20230109140131 2.01611 
20230109140141 2.01694 
20230109140151 2.01813 
20230109140201 2.01936 
20230109140211 2.01995 
20230109140221 2.02094 
20230109140231 2.02180 
20230109140241 2.02261 
20230109140251 2.02308 
20230109140301 2.02356 
20230109140311 2.02417 
20230109140321 2.02480 
20230109140331 2.02553 
20230109140341 2.02569 
20230109140351 2.02592 
20230109140401 2.02621 
20230109140411 2.02652 
20230109140421 2.02676 
20230109140431 2.02692 
20230109140441 2.02714 
20230109140451 2.02726 
20230109140501 2.02741 
20230109140511 2.02742 
20230109140521 2.02762 
20230109140531 2.02795 
20230109140541 2.02825 
20230109140551 2.02836 
20230109140601 2.02854 
20230109140611 2.02902 
20230109140621 2.02921 
20230109140631 2.02971 
20230109140641 2.03013 
20230109140651 2.03048 
20230109140701 2.03064 
20230109140711 2.03074 
20230109140721 2.03058 
20230109140731 2.03077 
20230109140741 2.03072 
20230109140751 2.03084 
20230109140801 2.03080 
20230109140811 2.03094 
20230109140821 2.03100 
20230109140831 2.03140 
20230109140841 2.03168 
20230109140851 2.03192 
20230109140901 2.03232 
20230109140911 2.03280 
20230109140921 2.03333 
20230109140931 2.03351 
20230109140941 2.03354 
20230109140951 2.03370 
20230109141001 2.03397 
20230109141011 2.03440 
20230109141021 2.03458 
20230109141031 2.03501 
20230109141041 2.03564 
20230109141051 2.03568 
20230109141101 2.03638 
20230109141111 2.03690 
20230109141121 2.03723 
20230109141131 2.03761 
20230109141141 2.03808 
20230109141151 2.03869 
20230109141201 2.03909 
20230109141211 2.03952 
20230109141221 2.04028 
20230109141231 2.04071 
20230109141241 2.04095 
20230109141251 2.04132 
20230109141301 2.04159 
20230109141311 2.04189 
20230109141321 2.04201 
20230109141331 2.04230 
20230109141341 2.04286 
20230109141351 2.04324 
20230109141401 2.04360 
20230109141411 2.04407 
20230109141421 2.04433 
20230109141431 2.04483 
20230109141441 2.04531 
20230109141451 2.04539 
20230109141501 2.04553 
20230109141511 2.04578 
20230109141521 2.04585 
20230109141531 2.04631 
20230109141541 2.04664 
20230109141551 2.04689 
20230109141601 2.04721 
20230109141611 2.04743 
20230109141621 2.04740 
20230109141631 2.04727 
20230109141641 2.04737 
20230109141651 2.04747 
20230109141701 2.04727 
20230109141711 2.04730 
20230109141721 2.04738 
20230109141731 2.04757 
20230109141741 2.04761 
20230109141751 2.04765 
20230109141801 2.04784 
20230109141811 2.04819 
20230109141821 2.04795 
20230109141831 2.04784 
20230109141841 2.04799 
20230109141851 2.04812 
20230109141901 2.04813 
20230109141911 2.04800 
20230109141921 2.04826 
20230109141931 2.04863 
20230109141942 2.04890 
20230109141951 2.04942 
20230109142001 2.04975 
20230109142011 2.04988 
20230109142021 2.05021 
20230109142031 2.05042 
20230109142041 2.05038 
20230109142051 2.05069 
20230109142101 2.05119 
20230109142111 2.05151 
20230109142121 2.05155 
20230109142131 2.05178 
20230109142141 2.05221 
20230109142151 2.05262 
20230109142201 2.05326 
20230109142211 2.05371 
20230109142221 2.05423 
20230109142231 2.05475 
20230109142241 2.05524 
20230109142251 2.05591 
20230109142301 2.05618 
20230109142311 2.05660 
20230109142321 2.05690 
20230109142331 2.05750 
20230109142341 2.05791 
20230109142351 2.05808 
20230109142401 2.05818 
20230109142411 2.05879 
20230109142421 2.05908 
20230109142431 2.05935 
20230109142441 2.05978 
20230109142451 2.05975 
20230109142501 2.05955 
20230109142511 2.05970 
20230109142521 2.05993 
20230109142531 2.06006 
20230109142541 2.06024 
20230109142551 2.06053 
20230109142601 2.06065 
20230109142611 2.06065 
20230109142621 2.06086 
20230109142631 2.06144 
20230109142641 2.06148 
20230109142651 2.06157 
20230109142701 2.06198 
20230109142711 2.06229 
20230109142721 2.06260 
20230109142731 2.06276 
20230109142741 2.06292 
20230109142751 2.06303 
20230109142801 2.06344 
20230109142811 2.06346 
20230109142821 2.06377 
20230109142831 2.06434 
20230109142841 2.06482 
20230109142851 2.06498 
20230109142901 2.06520 
20230109142911 2.06535 
20230109142921 2.06560 
20230109142931 2.06581 
20230109142941 2.06596 
20230109142951 2.06640 
20230109143001 2.06657 
20230109143011 2.06717 
20230109143021 2.06775 
20230109143031 2.06844 
20230109143041 2.06925 
20230109143051 2.06999 
20230109143101 2.07027 
20230109143111 2.07120 
20230109143121 2.07198 
20230109143131 2.07284 
20230109143141 2.07333 
20230109143151 2.07414 
20230109143201 2.07448 
20230109143211 2.07494 
20230109143221 2.07570 
20230109143231 2.07645 
20230109143241 2.07717 
20230109143251 2.07784 
20230109143301 2.07869 
20230109143311 2.07946 
20230109143321 2.07991 
20230109143331 2.08093 
20230109143341 2.08188 
20230109143351 2.08273 
20230109143401 2.08316 
20230109143411 2.08403 
20230109143421 2.08467 
20230109143431 2.08519 
20230109143441 2.08571 
20230109143451 2.08644 
20230109143501 2.08714 
20230109143511 2.08790 
20230109143521 2.08846 
20230109143531 2.08909 
20230109143541 2.08980 
20230109143551 2.09052 
20230109143601 2.09104 
20230109143611 2.09163 
20230109143621 2.09215 
20230109143631 2.09271 
20230109143641 2.09337 
20230109143651 2.09410 
20230109143701 2.09451 
20230109143711 2.09488 
20230109143721 2.09652 
20230109143731 2.09612 
20230109143741 2.09693 
20230109143751 2.09771 
20230109143801 2.09772 
20230109143811 2.09817 
20230109143821 2.09895 
20230109143831 2.09965 
20230109143841 2.10002 
20230109143851 2.10037 
20230109143901 2.10078 
20230109143911 2.10155 
20230109143921 2.10258 
20230109143931 2.10371 
20230109143941 2.10450 
20230109143951 2.10521 
20230109144001 2.10563 
20230109144011 2.10608 
20230109144021 2.10650 
20230109144031 2.10676 
20230109144041 2.10731 
20230109144051 2.10782 
20230109144101 2.10832 
20230109144111 2.10876 
20230109144121 2.10915 
20230109144131 2.10947 
20230109144141 2.10997 
20230109144151 2.11030 
20230109144201 2.11047 
20230109144211 2.11094 
20230109144221 2.11137 
20230109144231 2.11208 
20230109144241 2.11259 
20230109144251 2.11323 
20230109144301 2.11368 
20230109144311 2.11436 
20230109144321 2.11490 
20230109144331 2.11556 
20230109144341 2.11660 
20230109144351 2.11716 
20230109144401 2.11725 
20230109144411 2.11771 
20230109144421 2.11852 
20230109144431 2.11876 
20230109144441 2.11919 
20230109144451 2.11999 
20230109144501 2.12028 
20230109144511 2.12065 
20230109144521 2.12148 
20230109144531 2.12216 
20230109144541 2.12222 
20230109144551 2.12248 
20230109144601 2.12287 
20230109144611 2.12325 
20230109144621 2.12353 
20230109144631 2.12390 
20230109144641 2.12389 
20230109144651 2.12392 
20230109144701 2.12445 
20230109144711 2.12462 
20230109144721 2.12487 
20230109144731 2.12513 
20230109144741 2.12554 
20230109144751 2.12573 
20230109144801 2.12577 
20230109144813 2.12607 
20230109144821 2.12632 
20230109144831 2.12645 
20230109144841 2.12644 
20230109144851 2.12683 
20230109144901 2.12673 
20230109144911 2.12674 
20230109144921 2.12752 
20230109144931 2.12779 
20230109144941 2.12772 
20230109144951 2.12775 
20230109145001 2.12818 
20230109145011 2.12854 
20230109145021 2.12840 
20230109145031 2.12856 
20230109145041 2.12852 
20230109145051 2.12861 
20230109145101 2.12878 
20230109145111 2.12895 
20230109145121 2.12896 
20230109145131 2.12880 
20230109145141 2.12889 
20230109145151 2.12914 
20230109145201 2.12951 
20230109145211 2.12957 
20230109145221 2.12951 
20230109145231 2.12984 
20230109145241 2.12961 
20230109145251 2.12955 
20230109145301 2.12949 
20230109145311 2.12920 
20230109145321 2.12954 
20230109145331 2.12950 
20230109145341 2.12942 
20230109145351 2.12963 
20230109145401 2.12963 
20230109145411 2.12974 
20230109145421 2.12961 
20230109145431 2.12969 
20230109145441 2.12962 
20230109145451 2.12993 
20230109145501 2.12982 
20230109145511 2.13004 
20230109145521 2.12984 
20230109145531 2.13000 
20230109145541 2.13003 
20230109145551 2.13007 
20230109145601 2.13015 
20230109145611 2.13006 
20230109145621 2.12990 
20230109145631 2.13002 
20230109145641 2.12989 
20230109145651 2.12992 
20230109145701 2.13000 
20230109145711 2.13008 
20230109145721 2.13052 
20230109145731 2.13049 
20230109145741 2.13052 
20230109145751 2.13081 
20230109145801 2.13084 
20230109145811 2.13088 
20230109145821 2.13086 
20230109145831 2.13083 
20230109145841 2.13099 
20230109145851 2.13086 
20230109145901 2.13084 
20230109145911 2.13107 
20230109145921 2.13104 
20230109145931 2.13108 
20230109145941 2.13172 
20230109145951 2.13204 
20230109150001 2.13253 
20230109150011 2.13261 
20230109150021 2.13276 
20230109150031 2.13340 
20230109150041 2.13371 
20230109150051 2.13392 
20230109150101 2.13393 
20230109150111 2.13416 
20230109150121 2.13446 
20230109150131 2.13508 
20230109150141 2.13556 
20230109150151 2.13583 
20230109150201 2.13642 
20230109150211 2.13649 
20230109150221 2.13707 
20230109150231 2.13711 
20230109150241 2.13746 
20230109150251 2.13781 
20230109150302 2.13808 
20230109150311 2.13861 
20230109150321 2.13876 
20230109150331 2.13861 
20230109150341 2.13863 
20230109150351 2.13910 
20230109150401 2.13943 
20230109150411 2.13982 
20230109150421 2.14006 
20230109150431 2.14039 
20230109150441 2.14047 
20230109150451 2.14088 
20230109150501 2.14115 
20230109150511 2.14115 
20230109150521 2.14154 
20230109150531 2.14169 
20230109150541 2.14216 
20230109150551 2.14221 
20230109150601 2.14254 
20230109150611 2.14258 
20230109150621 2.14251 
20230109150631 2.14263 
20230109150641 2.14275 
20230109150651 2.14288 
20230109150701 2.14323 
20230109150711 2.14338 
20230109150721 2.14336 
20230109150731 2.14373 
20230109150741 2.14412 
20230109150751 2.14429 
20230109150801 2.14415 
20230109150811 2.14422 
20230109150821 2.14464 
20230109150831 2.14511 
20230109150841 2.14530 
20230109150851 2.14548 
20230109150901 2.14545 
20230109150911 2.14582 
20230109150921 2.14587 
20230109150931 2.14602 
20230109150941 2.14619 
20230109150951 2.14630 
20230109151001 2.14631 
20230109151011 2.14666 
20230109151021 2.14692 
20230109151031 2.14695 
20230109151041 2.14704 
20230109151051 2.14732 
20230109151101 2.14752 
20230109151111 2.14786 
20230109151121 2.14811 
20230109151131 2.14817 
20230109151141 2.14854 
20230109151151 2.14859 
20230109151201 2.14900 
20230109151211 2.14943 
20230109151221 2.14999 
20230109151231 2.15029 
20230109151241 2.15062 
20230109151251 2.15073 
20230109151301 2.15108 
20230109151311 2.15103 
20230109151321 2.15126 
20230109151331 2.15163 
20230109151341 2.15204 
20230109151351 2.15224 
20230109151401 2.15240 
20230109151411 2.15233 
20230109151421 2.15258 
20230109151431 2.15261 
20230109151441 2.15280 
20230109151451 2.15272 
20230109151501 2.15274 
20230109151511 2.15261 
20230109151521 2.15272 
20230109151531 2.15278 
20230109151541 2.15304 
20230109151551 2.15327 
20230109151601 2.15342 
20230109151611 2.15353 
20230109151621 2.15392 
20230109151631 2.15408 
20230109151641 2.15406 
20230109151651 2.15418 
20230109151701 2.15385 
20230109151711 2.15417 
20230109151721 2.15431 
20230109151731 2.15489 
20230109151741 2.15491 
20230109151751 2.15501 
20230109151801 2.15536 
20230109151811 2.15543 
20230109151821 2.15517 
20230109151831 2.15524 
20230109151841 2.15533 
20230109151851 2.15567 
20230109151901 2.15597 
20230109151911 2.15633 
20230109151921 2.15660 
20230109151931 2.15656 
20230109151941 2.15671 
20230109151951 2.15670 
20230109152001 2.15687 
20230109152011 2.15725 
20230109152022 2.15741 
20230109152031 2.15749 
20230109152041 2.15752 
20230109152051 2.15757 
20230109152101 2.15764 
20230109152111 2.15773 
20230109152121 2.15784 
20230109152131 2.15752 
20230109152141 2.15744 
20230109152151 2.15753 
20230109152201 2.15741 
20230109152211 2.15761 
20230109152221 2.15777 
20230109152231 2.15793 
20230109152241 2.15831 
20230109152251 2.15833 
20230109152301 2.15851 
20230109152311 2.15866 
20230109152321 2.15835 
20230109152331 2.15845 
20230109152341 2.15867 
20230109152351 2.15869 
20230109152401 2.15883 
20230109152411 2.15913 
20230109152421 2.15942 
20230109152431 2.15970 
20230109152441 2.15991 
20230109152451 2.16034 
20230109152501 2.16055 
20230109152511 2.16089 
20230109152521 2.16122 
20230109152531 2.16155 
20230109152541 2.16202 
20230109152551 2.16256 
20230109152601 2.16288 
20230109152611 2.16311 
20230109152621 2.16322 
20230109152631 2.16378 
20230109152641 2.16409 
20230109152651 2.16444 
20230109152701 2.16465 
20230109152711 2.16499 
20230109152721 2.16522 
20230109152731 2.16546 
20230109152741 2.16563 
20230109152751 2.16595 
20230109152801 2.16659 
20230109152811 2.16695 
20230109152821 2.16735 
20230109152831 2.16754 
20230109152841 2.16819 
20230109152851 2.16855 
20230109152901 2.16902 
20230109152911 2.16941 
20230109152921 2.16973 
20230109152931 2.17048 
20230109152941 2.17123 
20230109152951 2.17212 
20230109153001 2.17334 
20230109153011 2.17413 
20230109153021 2.17478 
20230109153031 2.17478 
20230109153041 2.17428 
20230109153051 2.17488 
20230109153101 2.17533 
20230109153111 2.17624 
20230109153121 2.17676 
20230109153131 2.17741 
20230109153141 2.17764 
20230109153151 2.17768 
20230109153201 2.17786 
20230109153211 2.17790 
20230109153221 2.17791 
20230109153231 2.17826 
20230109153241 2.17835 
20230109153251 2.17857 
20230109153301 2.17871 
20230109153311 2.17850 
20230109153321 2.17821 
20230109153331 2.17845 
20230109153341 2.17896 
20230109153351 2.17913 
20230109153401 2.17956 
20230109153411 2.17984 
20230109153421 2.18001 
20230109153431 2.17985 
20230109153441 2.17988 
20230109153451 2.17972 
20230109153501 2.17980 
20230109153511 2.18000 
20230109153521 2.18061 
20230109153531 2.18083 
20230109153541 2.18083 
20230109153551 2.18141 
20230109153601 2.18178 
20230109153611 2.18173 
20230109153621 2.18206 
20230109153631 2.18243 
20230109153641 2.18294 
20230109153651 2.18307 
20230109153701 2.18315 
20230109153711 2.18379 
20230109153721 2.18414 
20230109153731 2.18417 
20230109153741 2.18441 
20230109153751 2.18456 
20230109153801 2.18495 
20230109153811 2.18514 
20230109153821 2.18526 
20230109153831 2.18565 
20230109153841 2.18563 
20230109153851 2.18553 
20230109153901 2.18569 
20230109153911 2.18628 
20230109153921 2.18676 
20230109153931 2.18688 
20230109153941 2.18720 
20230109153951 2.18753 
20230109154001 2.18795 
20230109154011 2.18817 
20230109154021 2.18845 
20230109154031 2.18845 
20230109154041 2.18893 
20230109154051 2.18889 
20230109154101 2.18899 
20230109154111 2.18919 
20230109154121 2.18950 
20230109154131 2.18972 
20230109154141 2.19004 
20230109154151 2.19020 
20230109154201 2.19076 
20230109154211 2.19119 
20230109154221 2.19135 
20230109154231 2.19157 
20230109154241 2.19162 
20230109154251 2.19185 
20230109154301 2.19228 
20230109154311 2.19217 
20230109154321 2.19287 
20230109154331 2.19278 
20230109154341 2.19281 
20230109154351 2.19296 
20230109154401 2.19327 
20230109154411 2.19368 
20230109154421 2.19375 
20230109154431 2.19388 
20230109154441 2.19376 
20230109154451 2.19372 
20230109154501 2.19400 
20230109154511 2.19456 
20230109154521 2.19448 
20230109154531 2.19454 
20230109154541 2.19477 
20230109154551 2.19499 
20230109154601 2.19499 
20230109154611 2.19506 
20230109154621 2.19529 
20230109154631 2.19569 
20230109154641 2.19571 
20230109154651 2.19600 
20230109154701 2.19633 
20230109154711 2.19680 
20230109154721 2.19719 
20230109154731 2.19772 
20230109154741 2.19795 
20230109154751 2.19815 
20230109154801 2.19835 
20230109154811 2.19889 
20230109154821 2.19961 
20230109154831 2.19955 
20230109154841 2.19925 
20230109154851 2.19939 
20230109154901 2.19948 
20230109154911 2.19959 
20230109154921 2.19981 
20230109154931 2.20003 
20230109154941 2.20010 
20230109154951 2.20047 
20230109155001 2.20057 
20230109155011 2.20090 
20230109155021 2.20149 
20230109155031 2.20145 
20230109155041 2.20142 
20230109155051 2.20162 
20230109155101 2.20182 
20230109155111 2.20198 
20230109155121 2.20192 
20230109155131 2.20239 
20230109155141 2.20232 
20230109155151 2.20270 
20230109155201 2.20256 
20230109155211 2.20282 
20230109155221 2.20310 
20230109155231 2.20322 
20230109155241 2.20358 
20230109155251 2.20365 
20230109155301 2.20400 
20230109155311 2.20439 
20230109155321 2.20458 
20230109155331 2.20502 
20230109155341 2.20514 
20230109155351 2.20576 
20230109155401 2.20577 
20230109155411 2.20569 
20230109155421 2.20608 
20230109155431 2.20642 
20230109155441 2.20669 
20230109155451 2.20703 
20230109155501 2.20720 
20230109155511 2.20790 
20230109155521 2.20840 
20230109155531 2.20862 
20230109155541 2.20898 
20230109155551 2.20952 
20230109155601 2.20936 
20230109155611 2.21025 
20230109155621 2.21059 
20230109155631 2.21081 
20230109155641 2.21124 
20230109155651 2.21162 
20230109155701 2.21231 
20230109155711 2.21246 
20230109155721 2.21257 
20230109155731 2.21269 
20230109155741 2.21302 
20230109155751 2.21328 
20230109155801 2.21351 
20230109155811 2.21356 
20230109155821 2.21398 
20230109155831 2.21441 
20230109155841 2.21494 
20230109155851 2.21523 
20230109155901 2.21570 
20230109155911 2.21590 
20230109155921 2.21657 
20230109155931 2.21690 
20230109155941 2.21699 
20230109155951 2.21740 
20230109160001 2.21769 
20230109160011 2.21794 
20230109160021 2.21805 
20230109160031 2.21831 
20230109160041 2.21893 
20230109160051 2.21917 
20230109160101 2.21967 
20230109160111 2.21991 
20230109160121 2.21999 
20230109160131 2.22019 
20230109160141 2.22075 
20230109160151 2.22064 
20230109160201 2.22074 
20230109160211 2.22105 
20230109160221 2.22117 
20230109160231 2.22145 
20230109160241 2.22141 
20230109160251 2.22180 
20230109160301 2.22193 
20230109160311 2.22195 
20230109160321 2.22239 
20230109160331 2.22266 
20230109160341 2.22277 
20230109160351 2.22271 
20230109160401 2.22274 
20230109160411 2.22264 
20230109160421 2.22288 
20230109160431 2.22285 
20230109160441 2.22273 
20230109160451 2.22273 
20230109160501 2.22293 
20230109160511 2.22332 
20230109160521 2.22309 
20230109160531 2.22317 
20230109160541 2.22343 
20230109160551 2.22348 
20230109160601 2.22390 
20230109160611 2.22420 
20230109160621 2.22434 
20230109160631 2.22441 
20230109160641 2.22471 
20230109160651 2.22496 
20230109160701 2.22533 
20230109160711 2.22528 
20230109160721 2.22571 
20230109160731 2.22610 
20230109160741 2.22625 
20230109160751 2.22648 
20230109160801 2.22678 
20230109160811 2.22725 
20230109160821 2.22731 
20230109160831 2.22770 
20230109160841 2.22841 
20230109160851 2.22903 
20230109160901 2.22958 
20230109160911 2.22998 
20230109160921 2.23046 
20230109160931 2.23101 
20230109160941 2.23164 
20230109160951 2.23201 
20230109161001 2.23234 
20230109161011 2.23288 
20230109161021 2.23327 
20230109161031 2.23351 
20230109161041 2.23375 
20230109161051 2.23430 
20230109161101 2.23481 
20230109161111 2.23500 
20230109161121 2.23530 
20230109161131 2.23585 
20230109161141 2.23580 
20230109161151 2.23603 
20230109161201 2.23698 
20230109161211 2.23758 
20230109161221 2.23791 
20230109161231 2.23860 
20230109161241 2.23931 
20230109161251 2.23965 
20230109161301 2.23970 
20230109161311 2.24058 
20230109161321 2.24104 
20230109161331 2.24143 
20230109161341 2.24178 
20230109161351 2.24216 
20230109161401 2.24246 
20230109161411 2.24244 
20230109161421 2.24259 
20230109161431 2.24290 
20230109161441 2.24330 
20230109161451 2.24337 
20230109161501 2.24317 
20230109161511 2.24326 
20230109161521 2.24363 
20230109161531 2.24416 
20230109161541 2.24439 
20230109161551 2.24376 
20230109161601 2.24365 
20230109161611 2.24433 
20230109161621 2.24492 
20230109161631 2.24541 
20230109161641 2.24577 
20230109161651 2.24647 
20230109161701 2.24683 
20230109161711 2.24716 
20230109161721 2.24779 
20230109161731 2.24824 
20230109161741 2.24832 
20230109161751 2.24880 
20230109161801 2.24924 
20230109161811 2.24917 
20230109161821 2.24942 
20230109161831 2.24950 
20230109161841 2.24949 
20230109161851 2.24943 
20230109161901 2.24947 
20230109161911 2.24961 
20230109161921 2.24976 
20230109161931 2.25023 
20230109161941 2.25054 
20230109161951 2.25042 
20230109162001 2.25071 
20230109162011 2.25081 
20230109162021 2.25098 
20230109162031 2.25133 
20230109162041 2.25120 
20230109162051 2.25144 
20230109162101 2.25163 
20230109162111 2.25190 
20230109162121 2.25174 
20230109162131 2.25192 
20230109162141 2.25220 
20230109162151 2.25251 
20230109162201 2.25256 
20230109162211 2.25276 
20230109162221 2.25307 
20230109162231 2.25310 
20230109162241 2.25324 
20230109162251 2.25319 
20230109162301 2.25362 
20230109162311 2.25388 
20230109162321 2.25388 
20230109162331 2.25432 
20230109162341 2.25457 
20230109162351 2.25463 
20230109162401 2.25519 
20230109162411 2.25530 
20230109162421 2.25570 
20230109162431 2.25598 
20230109162441 2.25645 
20230109162451 2.25659 
20230109162501 2.25686 
20230109162511 2.25717 
20230109162521 2.25738 
20230109162531 2.25772 
20230109162541 2.25791 
20230109162551 2.25795 
20230109162601 2.25769 
20230109162611 2.25773 
20230109162621 2.25761 
20230109162631 2.25811 
20230109162641 2.25835 
20230109162651 2.25879 
20230109162701 2.25899 
20230109162711 2.25939 
20230109162721 2.25993 
20230109162731 2.26019 
20230109162741 2.26091 
20230109162751 2.26140 
20230109162801 2.26192 
20230109162811 2.26203 
20230109162821 2.26232 
20230109162831 2.26276 
20230109162841 2.26317 
20230109162851 2.26358 
20230109162901 2.26378 
20230109162911 2.26414 
20230109162921 2.26440 
20230109162931 2.26471 
20230109162941 2.26498 
20230109162951 2.26520 
20230109163001 2.26534 
20230109163011 2.26553 
20230109163021 2.26567 
20230109163031 2.26587 
20230109163041 2.26590 
20230109163051 2.26631 
20230109163101 2.26642 
20230109163111 2.26627 
20230109163121 2.26617 
20230109163131 2.26633 
20230109163141 2.26723 
20230109163151 2.26764 
20230109163201 2.26764 
20230109163211 2.26773 
20230109163221 2.26810 
20230109163231 2.26863 
20230109163241 2.26853 
20230109163251 2.26873 
20230109163301 2.26913 
20230109163311 2.26903 
20230109163321 2.26940 
20230109163331 2.26954 
20230109163341 2.26960 
20230109163351 2.26990 
20230109163401 2.27013 
20230109163411 2.27041 
20230109163421 2.27044 
20230109163431 2.27057 
20230109163441 2.27093 
20230109163451 2.27140 
20230109163501 2.27183 
20230109163511 2.27184 
20230109163521 2.27195 
20230109163531 2.27224 
20230109163541 2.27250 
20230109163551 2.27277 
20230109163601 2.27274 
20230109163611 2.27333 
20230109163621 2.27386 
20230109163631 2.27393 
20230109163641 2.27396 
20230109163651 2.27421 
20230109163701 2.27450 
20230109163711 2.27469 
20230109163721 2.27495 
20230109163731 2.27518 
20230109163741 2.27558 
20230109163751 2.27589 
20230109163801 2.27620 
20230109163811 2.27620 
20230109163821 2.27630 
20230109163831 2.27659 
20230109163841 2.27642 
20230109163851 2.27625 
20230109163901 2.27659 
20230109163911 2.27702 
20230109163921 2.27719 
20230109163931 2.27757 
20230109163941 2.27775 
20230109163951 2.27802 
20230109164001 2.27844 
20230109164011 2.27838 
20230109164021 2.27866 
20230109164031 2.27881 
20230109164041 2.27875 
20230109164051 2.27861 
20230109164101 2.27885 
20230109164111 2.27921 
20230109164121 2.27946 
20230109164131 2.27975 
20230109164141 2.27981 
20230109164151 2.28015 
20230109164201 2.28060 
20230109164211 2.28051 
20230109164221 2.28044 
20230109164231 2.28066 
20230109164241 2.28072 
20230109164251 2.28075 
20230109164301 2.28084 
20230109164311 2.28100 
20230109164321 2.28131 
20230109164331 2.28140 
20230109164341 2.28168 
20230109164351 2.28214 
20230109164401 2.28239 
20230109164411 2.28264 
20230109164421 2.28308 
20230109164431 2.28345 
20230109164441 2.28330 
20230109164451 2.28358 
20230109164501 2.28354 
20230109164511 2.28355 
20230109164521 2.28353 
20230109164531 2.28377 
20230109164541 2.28396 
20230109164551 2.28427 
20230109164601 2.28449 
20230109164611 2.28496 
20230109164621 2.28556 
20230109164631 2.28585 
20230109164641 2.28602 
20230109164651 2.28651 
20230109164701 2.28672 
20230109164711 2.28733 
20230109164721 2.28771 
20230109164731 2.28803 
20230109164741 2.28834 
20230109164751 2.28878 
20230109164801 2.28873 
20230109164811 2.28899 
20230109164821 2.28890 
20230109164831 2.28908 
20230109164841 2.28893 
20230109164851 2.28882 
20230109164901 2.28894 
20230109164911 2.28923 
20230109164921 2.28969 
20230109164931 2.28968 
20230109164941 2.29010 
20230109164951 2.29037 
20230109165001 2.29075 
20230109165011 2.29119 
20230109165021 2.29130 
20230109165031 2.29129 
20230109165041 2.29126 
20230109165051 2.29141 
20230109165101 2.29154 
20230109165111 2.29169 
20230109165121 2.29164 
20230109165131 2.29183 
20230109165141 2.29204 
20230109165151 2.29202 
20230109165201 2.29227 
20230109165211 2.29264 
20230109165221 2.29305 
20230109165231 2.29350 
20230109165241 2.29397 
20230109165251 2.29457 
20230109165301 2.29494 
20230109165311 2.29546 
20230109165321 2.29540 
20230109165331 2.29544 
20230109165341 2.29591 
20230109165351 2.29647 
20230109165401 2.29673 
20230109165411 2.29690 
20230109165421 2.29683 
20230109165431 2.29716 
20230109165441 2.29719 
20230109165451 2.29740 
20230109165501 2.29749 
20230109165511 2.29778 
20230109165521 2.29797 
20230109165531 2.29841 
20230109165541 2.29850 
20230109165551 2.29888 
20230109165601 2.29881 
20230109165611 2.29921 
20230109165621 2.29922 
20230109165631 2.29954 
20230109165641 2.29978 
20230109165651 2.30034 
20230109165701 2.30059 
20230109165711 2.30062 
20230109165721 2.30093 
20230109165731 2.30128 
20230109165741 2.30193 
20230109165751 2.30229 
20230109165801 2.30267 
20230109165811 2.30297 
20230109165821 2.30317 
20230109165831 2.30315 
20230109165841 2.30344 
20230109165851 2.30366 
20230109165901 2.30440 
20230109165911 2.30426 
20230109165921 2.30431 
20230109165931 2.30453 
20230109165941 2.30495 
20230109165951 2.30498 
20230109170001 2.30535 
20230109170011 2.30581 
20230109170021 2.30630 
20230109170031 2.30649 
20230109170041 2.30652 
20230109170051 2.30674 
20230109170101 2.30726 
20230109170111 2.30795 
20230109170121 2.30814 
20230109170131 2.30856 
20230109170141 2.30876 
20230109170151 2.30916 
20230109170201 2.30953 
20230109170211 2.30986 
20230109170221 2.31024 
20230109170231 2.31032 
20230109170241 2.31044 
20230109170251 2.31106 
20230109170301 2.31167 
20230109170311 2.31232 
20230109170321 2.31316 
20230109170331 2.31363 
20230109170341 2.31326 
20230109170351 2.31374 
20230109170401 2.31418 
20230109170411 2.31461 
20230109170421 2.31491 
20230109170431 2.31516 
20230109170441 2.31561 
20230109170451 2.31630 
20230109170501 2.31682 
20230109170511 2.31701 
20230109170521 2.31757 
20230109170531 2.31819 
20230109170541 2.31832 
20230109170551 2.31852 
20230109170601 2.31895 
20230109170611 2.31897 
20230109170621 2.31903 
20230109170631 2.31961 
20230109170641 2.32105 
20230109170651 2.32220 
20230109170701 2.32319 
20230109170711 2.32511 
20230109170721 2.32687 
20230109170731 2.32854 
20230109170741 2.32990 
20230109170751 2.33085 
20230109170801 2.33180 
20230109170811 2.33206 
20230109170821 2.33209 
20230109170831 2.33249 
20230109170841 2.33296 
20230109170851 2.33338 
20230109170901 2.33356 
20230109170911 2.33397 
20230109170921 2.33412 
20230109170931 2.33404 
20230109170941 2.33400 
20230109170951 2.33470 
20230109171001 2.33545 
20230109171011 2.33592 
20230109171021 2.33626 
20230109171031 2.33658 
20230109171041 2.33638 
20230109171051 2.33664 
20230109171101 2.33685 
20230109171111 2.33713 
20230109171121 2.33684 
20230109171131 2.33696 
20230109171141 2.33701 
20230109171151 2.33699 
20230109171201 2.33709 
20230109171211 2.33705 